8.991403441632528359e-02 -2.068512739592225369e-01 -3.084367949672928710e-01
2.714531923139999747e-02 2.237389067857735447e-02 -2.642128422624095974e-02
8.962108496638027111e-02 -2.066770867700102876e-01 -3.105312944213221571e-01
2.603035010111222694e-02 3.007394835695003169e-02 -1.670605382764012159e-02
8.384435088381030077e-02 -1.896096358665124992e-01 -2.909906184582368160e-01
5.140547444842143848e-02 -9.129833345074912787e-02 -1.675898743286235448e-01
2.896961089306152731e-02 1.973108227543128937e-02 -3.292177985817912322e-02
8.353532875624072873e-02 -1.893346161412641782e-01 -2.930401622242981285e-01
9.777935077208128878e-02 -2.307509477671950138e-01 -3.483200211088802734e-01
8.844127595091176575e-02 -2.050896648324781746e-01 -3.162354665269404008e-01
2.765995567175419043e-02 1.763745083120338633e-02 -3.945481242788645426e-02
5.087245665828797614e-02 -9.284939793919998186e-02 -1.778809033915552951e-01
8.221682831801568891e-02 -1.873996058550400079e-01 -2.987583675415816375e-01
-2.228838061846927232e-02 3.319999458258953706e-01 8.241794378427216294e-01
8.667490516512360577e-02 -2.010902386795151986e-01 -3.189997873288720753e-01
8.638941200882283011e-02 -2.003583138669723096e-01 -3.190248242048545624e-01
2.464183259047003985e-02 -8.655924309764227026e-03 -6.630731876394932445e-02
5.019387979515033821e-02 -9.371381629059166718e-02 -1.871646856422804484e-01
4.624992783775446620e-02 -5.767412760810432248e-02 -1.501782929941347933e-01
4.624992783775446620e-02 -5.767412760810432248e-02 -1.501782929941347933e-01
8.450487676460530229e-02 -1.947850310846675759e-01 -3.165167051914712371e-01
1.296963850736920776e-02 3.267554255242724470e-02 -7.170153212194876544e-03
4.844789641956612214e-02 -6.498032286175547956e-02 -1.581771617155840193e-01
1.132499825101183043e-02 7.027449139663127786e-02 3.772876085670288232e-02
-2.784042787571210376e-01 4.283450013694543590e-01 2.021940729931380076e+00
7.615246479473576635e-02 -1.693981714694331175e-01 -2.895487994406866772e-01
2.583454361373820410e-02 2.633051827442146192e-02 -2.707386718349320126e-02
-9.926082062004691620e-02 3.306850367475797081e-01 1.406759728180791091e+00
-9.926082062004691620e-02 3.306850367475797081e-01 1.406759728180791091e+00
2.060405890074921975e-02 -1.576504376053906387e-03 -5.218131806990829874e-02
1.727486918815592312e-02 6.107262696216882863e-02 3.019267658917096017e-02
2.098999194048602190e-02 -5.330232066124999425e-03 -8.007547930896803667e-02
-1.056185040009478271e-01 3.115747524740306029e-01 1.358114388724622312e+00
-2.863548690528360322e-02 1.974564339632329246e-01 3.357366081401049751e-01
2.567369817280589633e-02 1.796581338824638358e-02 -4.530270591969040583e-02
1.182656476093273124e-02 8.446127696917722638e-02 7.087695814578338915e-02
6.463989462329761126e-02 5.387417143241656214e-01 7.231710262327769589e-01
1.141513168779075861e-02 7.994114835712481937e-02 6.303258753802096215e-02
8.875238635869010795e-03 9.797757689648650681e-02 9.589113264311732721e-02
2.481834544419906502e-02 4.606390016599468118e-02 2.425392364176645263e-02
5.426520692324415113e-02 5.008510754134790632e-01 7.464953093404150808e-01
5.817113028158899662e-02 5.029713744918300478e-01 7.815766454770045613e-01
1.036241231491954497e-02 7.493516938236521874e-02 7.187105240383474813e-02
7.754983975442343580e-02 -2.003282607000351490e-01 -3.422714409423293636e-01
5.544681633453798358e-02 4.982798362365096767e-01 7.529075183631743773e-01
5.544681633453798358e-02 4.982798362365096767e-01 7.529075183631743773e-01
1.198553345088028757e-02 7.403351236474420283e-02 4.903740963542423809e-02
5.939717776596140086e-02 4.995731067688662930e-01 7.901671910871880256e-01
7.226029565871636140e-02 -1.834863087847516394e-01 -3.224765079979537430e-01
4.505895876423430396e-02 -1.021004494366255372e-01 -2.251329977296550044e-01
2.572896001632503371e-02 4.046006992710585171e-03 -8.982967906841764216e-02
-1.666468652410271423e+00 -9.536275640115995600e+00 4.742423967915418359e+01
9.352468122065939887e-03 2.893898673997809257e-02 -1.215998826384310366e-01
7.975438538578850933e-02 5.381392762655338169e-01 7.107877891205527376e-01
6.084923345084827101e-02 5.285172508555882054e-01 1.091315652142029080e+00
6.216289502384679533e-02 5.190042927440549070e-01 1.071409604551605055e+00
1.230628767251518985e-01 4.161437263662073338e-01 6.279734492063738793e-01
1.019701396165940827e-01 4.706243123024553832e-01 8.728825267578901315e-01
2.342228419675308412e-02 2.818475192181417177e-01 5.062945040591957380e-01
8.501043676293768003e-02 4.215426554582589747e-01 9.548491992412503349e-01
1.887373024232196633e-02 -1.991111229555765083e-01 -4.144603417213114094e-01
1.921052081347472337e-02 -2.653963085103315245e-01 -5.362482933884860081e-01
8.238254843914991077e-02 4.193098036979425736e-01 9.731765878224167832e-01
8.773220772791202882e-02 4.206465400924819242e-01 9.470116637834620210e-01
1.114276297158076356e-01 4.716842698749269536e-01 8.419572335097972315e-01
1.149315164666751959e-01 4.569526117394187570e-01 8.522746374800870273e-01
8.740555326064940178e-02 3.711019527257705120e-01 4.740851285073602872e-01
8.638620739132849002e-02 4.010662337648593367e-01 1.108571465006216172e+00
-4.088220915607354740e-03 -8.055735088334407823e-02 -2.682608252678714278e-01
-1.361587202184297990e-02 -1.536414640628369910e-01 -4.949735524027066846e-01
1.243186240877681842e-01 4.365057363696017156e-01 9.247422458836845882e-01
1.295251380148133846e-01 4.326157102909871099e-01 8.692094892545443319e-01
8.260710672700408153e-02 3.552629396245780558e-01 4.487841841523896314e-01
1.347682567732559344e-01 4.285418535351712133e-01 8.916097959765136860e-01
1.347682567732559344e-01 4.285418535351712133e-01 8.916097959765136860e-01
6.995505669607196553e-02 3.131926609849726706e-01 6.028381554482634685e-01
1.337433230956595054e-01 4.143796161683659940e-01 9.168572465574763575e-01
1.347654080640079410e-01 4.342933477139279685e-01 8.358664418116096284e-01
1.360184852548405599e-01 4.274730669954157625e-01 8.952088670876323651e-01
7.636551493735417584e-02 3.546032713798084601e-01 4.458493583929555304e-01
5.582215880075756809e-02 1.448199117800562652e-01 2.550621174782553013e-01
1.055454486755412896e-01 4.655762696281578461e-01 5.927840186919343113e-01
-3.764822663460195423e-02 -3.497337276960795771e-01 6.918828200376457183e+00
1.937954787473070983e-01 3.508065221062386940e-01 9.585718010039608883e-01
1.773483710031712735e-01 3.100474641067479387e-01 8.137048193174279964e-01
1.938076073517035203e-01 3.851411452435322125e-01 8.745273604617308516e-01
1.939060450307358019e-01 3.874519575210107480e-01 8.716763572609267374e-01
2.055498323916360448e-01 4.241664233148353391e-01 9.854448113272008536e-01
1.286243524664177906e-01 2.360231536955953169e-01 6.846206531447692756e-01
2.053544166795452097e-01 3.342756856846078595e-01 1.034918059939302415e+00
1.939906656470974378e-01 3.820136723292102965e-01 6.940906327262456044e-01
1.968272923639198535e-01 3.812314111818767559e-01 7.046765202338425294e-01
1.946570442618875130e-01 3.657923633058680624e-01 8.997920102236921513e-01
1.958119599910373432e-01 2.873202458938691750e-01 9.319290585619993683e-01
1.956857024898019382e-01 3.653971553822040752e-01 8.973838461842246206e-01
1.873227906219772643e-01 2.568191627802842714e-01 1.045413797833779412e+00
1.885840420134771711e-01 2.558823312551016249e-01 1.044600376956945631e+00
1.969716594275088273e-01 3.657704882061053597e-01 8.933861496682647951e-01
-2.494338843591043658e-02 -3.061217366697200834e-02 -2.570749581087194979e-01
1.176080149563315247e-01 3.541646186239502114e-01 4.460347554654344182e-01
2.039140584253761324e-01 3.446384244847802147e-01 8.379103577528809188e-01
1.634755784806269374e-01 2.754238532035974685e-01 7.728904166675389931e-01
1.903636912002597548e-01 1.754473453538263339e-01 6.391021419254452329e-01
1.965033728026153448e-01 3.839221612142327267e-01 7.715822306774976491e-01
2.043206981222627228e-01 3.716253726488361608e-01 8.256498171732724600e-01
1.846526647775217633e-01 1.757030472573382629e-01 6.244183281450951251e-01
2.968550071143382096e-01 3.018440257774285818e-01 1.428148885200152485e+00
2.807001082241100121e-01 2.453792396200675796e-01 1.250402796471513867e+00
2.149444929443108943e-01 4.007701151861819966e-01 8.174531944584575438e-01
2.150862063784165223e-01 3.985824734235511313e-01 8.208226188114899902e-01
2.145609658726373159e-01 4.079201362735187519e-01 8.063198796198862706e-01
1.894642052171599811e-01 3.665503892344562087e-01 7.739558077161076133e-01
1.964541327856564878e-01 3.701476929182427322e-01 7.818430572715404647e-01
2.464140814922933242e-01 3.084503246950073274e-01 1.052586625816406496e+00
2.373640393062154408e-01 3.275602002962466619e-01 1.010812852530088124e+00
2.419832432930705823e-01 3.177933162506266784e-01 1.028435733142501807e+00
2.431016644304281604e-01 3.160754466263184237e-01 1.034517504818842415e+00
2.396300056959238534e-01 3.286968711284503630e-01 1.021955577816088478e+00
1.435519530171825986e-01 1.646150286612488578e-01 4.899500405261217884e-01
1.511581432100304323e-01 1.696477811411541969e-01 5.190050306666371682e-01
1.160364225289406137e-01 7.950088341321141783e-02 3.365907954023668602e-01
2.332665635520010106e-01 3.114539073587674345e-01 9.870269417300440162e-01
2.063793671087389703e-01 3.510883287476391779e-01 8.185720798488238525e-01
2.215802712495111571e-01 3.646200033432391852e-01 8.545602589489301737e-01
2.193836404453788358e-01 3.204134536373500208e-01 9.180088710358181858e-01
2.136199174742006990e-01 3.546057088678259972e-01 8.601495698299297388e-01
2.211448503189093473e-01 3.584760043916974670e-01 9.003865554950342132e-01
2.175057097316711596e-01 3.618629396358031269e-01 8.845439985492471457e-01
2.217661266287644095e-01 3.544848049338634177e-01 9.037027167218040224e-01
2.214436628965317233e-01 3.530529361825162638e-01 9.023036807807548465e-01
2.908343344454948354e-01 2.809398868552542283e-01 1.284529798901776987e+00
1.122345903484940621e-01 7.123985778709132632e-02 3.097517690997701467e-01
2.181708204502094406e-01 3.525258432699518996e-01 8.158955823641188543e-01
1.075618136123351470e-01 6.885684278726561525e-02 2.885012370809251214e-01
6.436905337781482217e-01 8.979298163673224975e-01 2.146256247914746673e+00
2.967694736631933394e-01 3.170898695650811172e-01 1.221640921184968143e+00
2.441141003313089808e-01 2.664046305856189734e-01 1.051164478633531463e+00
1.732157276278055158e-01 3.340809434381070697e-01 6.195640117102254596e-01
6.062949893869735707e-01 8.962264868543751151e-01 2.078853467689104395e+00
2.743698544756935642e-01 2.907996034825082732e-01 1.128889676314781765e+00
2.830126239737730809e-01 3.022964964542111943e-01 1.155431606115060017e+00
2.338769991287416028e-01 2.808080983260383134e-01 9.384108920812934684e-01
1.973363633195846512e-01 3.971542145253660894e-01 7.359155782218378405e-01
2.736187979303008055e-01 3.060899094578080071e-01 1.091939750845702717e+00
2.888010497281079947e-01 2.936687839653833176e-01 1.118419655583077654e+00
1.984152242547514156e-01 3.973906700772588674e-01 7.325838890904827760e-01
1.869945530128870548e+00 2.741346965603804975e+00 5.899064592703565424e+00
2.395777295551397845e-01 4.189194733348993727e-01 7.643884974234760321e-01
2.446927607310317165e-01 2.788628683008727016e-01 9.634010787898442674e-01
2.008203974306673745e-01 3.981570278153845899e-01 7.250746695768375272e-01
3.190427113817550508e-01 3.131312855966532638e-01 1.211866929247031655e+00
2.424670184568704645e-01 2.846819610926608068e-01 9.293908211668909791e-01
1.525263763594923327e+00 2.311766608578683435e+00 4.885851179714503445e+00
2.463412127967877507e-01 2.775839385493497069e-01 9.479701318497281148e-01
2.019210232621599377e-01 3.981601320331633609e-01 7.187535793196311307e-01
2.466185817074762199e-01 2.327561888826508441e-01 9.785264991449657002e-01
2.878376331939079824e-01 2.805111777055276923e-01 1.085584116566211899e+00
1.022955623628622607e-01 5.131040890678968680e-02 2.332066877339155353e-01
2.033368219126197585e-01 3.987533292440739174e-01 7.165347886162005686e-01
2.117272873155872648e-01 2.167572228743297469e-01 6.082657539729525720e-01
2.976696037432627895e-01 2.956837524123344663e-01 1.111106591197690729e+00
2.469596815020615177e-01 4.216148975008003896e-01 7.502603634147058109e-01
3.206167757099294691e-01 2.658041212076572846e-01 1.196766593626579223e+00
1.065043652669938473e-01 5.322386555135029396e-02 2.492286448649059794e-01
2.058115400997771183e-01 3.408926824644867848e-01 6.060123107838586431e-01
2.124134502490191978e-01 2.125325567710939223e-01 5.979454556505733320e-01
1.337456844636567554e-01 1.026051093989439333e-01 3.566255645601180135e-01
1.129362157228072927e-01 5.497077020522152246e-02 2.675687708155315980e-01
1.517921751298832445e-01 3.868516169302617103e-01 4.711470703408626726e-01
2.012371659524490319e-01 3.951894216803281679e-01 7.021669155924830097e-01
3.668555642749175005e-01 2.539643622910319753e-01 1.291118686543924587e+00
1.312662400374113303e-01 1.001125113083642104e-01 3.427853979911428262e-01
1.506102761515439037e-01 1.133431198141648250e-01 3.995605597842296630e-01
2.077313822169666035e-01 4.002418477396063046e-01 7.022909708606789314e-01
3.347398719820061652e-01 2.257747336165065732e-01 1.223031663585011586e+00
2.412220642311402874e-01 3.494688295520270715e-01 7.973948442077095633e-01
3.711677901125492451e-01 2.546479919488747190e-01 1.294977444964338753e+00
7.691532770022947718e-02 -7.213161313206940470e-03 6.614026343168563637e-02
2.174307873006469383e-01 3.436791973213316753e-01 7.071980596969478228e-01
1.777149778558352322e-01 1.867812789540574669e-01 4.942508509042710663e-01
-4.836986120961199731e-01 4.954743884481536687e-01 -2.212603516909252388e+00
3.459282833320732609e-01 2.317748035884511504e-01 1.236012656596523929e+00
2.549829988379034851e-01 3.737107458933283666e-01 7.940633349847864286e-01
-2.929274343304133943e+00 -3.759389069501486880e+00 -8.130711167583102750e+00
2.535242977903505723e-01 4.954122778179549380e-01 6.419811430342207137e-01
2.839626252229389136e-01 2.760462958239567333e-01 9.832907186021505597e-01
2.216758854011975644e-01 4.436042742073257883e-01 5.501716812619724672e-01
2.458475182767369815e-01 3.466567324788306648e-01 5.244397950356146643e-01
2.458475182767369815e-01 3.466567324788306648e-01 5.244397950356146643e-01
8.207505276317685061e-02 5.105812841177772773e-03 8.479291254803031364e-02
2.846208125814902457e-01 3.051371181035018032e-01 9.503746465711864211e-01
5.942363631055064266e-02 9.038440568524369612e-02 1.355631522394841748e-01
3.165912632860431453e-01 3.170404430364949233e-01 1.040298037231651040e+00
4.327933481725866338e-01 1.854778298336660913e-01 1.444928372798828020e+00
2.858103273702065072e-01 3.041926228858107817e-01 9.508590923615836132e-01
6.002327485571899712e-02 9.567699141112809280e-02 1.416058758893317115e-01
3.256361700486672950e-01 3.181104386071744172e-01 1.061019412807785445e+00
2.413982598554538228e-01 4.512194742666117975e-01 6.386269036644101060e-01
2.413982598554538228e-01 4.512194742666117975e-01 6.386269036644101060e-01
2.880903148624425758e-01 2.678899924320065629e-01 9.616377321137495882e-01
2.871650656626051901e-01 3.030911342670123965e-01 9.515330306143179318e-01
2.800041367158674355e-01 3.055623815860903369e-01 9.233881137905984859e-01
2.602284165482056655e-01 3.852174077152877851e-01 7.752861766093146478e-01
2.346577673947446430e-01 3.551616794707899150e-01 7.240068163816774094e-01
2.584549480461794668e-01 3.868408932647620646e-01 7.878452221433630553e-01
2.531546224693722591e-01 2.779598173300713015e-01 6.223607390949581486e-01
2.911368922414921956e-01 2.999985319022084318e-01 9.539257126479457893e-01
8.546910134940616244e-02 1.251234606992804657e-02 9.610403645391377148e-02
3.423817611463562671e-01 2.551799448228900813e-01 1.148967500858914415e+00
3.514686934599374757e-01 2.589574668170574467e-01 1.172487985746206718e+00
3.373606278735469810e-01 3.126034488819612323e-01 1.074807292198669773e+00
2.860681384132403027e-01 2.986661402832089807e-01 9.223165472162280221e-01
2.966349497509531696e-01 3.001984963569434006e-01 9.568888496515385311e-01
3.275455506638890180e-01 2.434162611509501639e-01 1.082918406560827496e+00
-8.879608499882254424e-01 -1.022470326953720976e+00 -2.085211240425048906e+00
3.381511021402210382e-01 3.069585836551634861e-01 1.065393233898706882e+00
2.888511783514434716e-01 2.960330949318196181e-01 9.213537262884770040e-01
2.152570458990382962e-01 1.510175663370142696e-01 5.025261626641871482e-01
3.063168832157147081e-01 2.939753012249833874e-01 9.634005634270053076e-01
3.280936565351370016e-01 2.400492027434134590e-01 1.067925371369182086e+00
7.473133520863257939e-02 1.301739437022741419e-01 1.693673945311595097e-01
6.134356527736042203e-02 3.719798291746019558e-02 7.983877262358946014e-02
6.134356527736042203e-02 3.719798291746019558e-02 7.983877262358946014e-02
2.181148729997250402e-01 1.132611318065738781e-01 4.587812070227346717e-01
2.764951213911214789e-01 3.000188763534902270e-01 8.225102520072469225e-01
-5.008793577842332034e-01 -5.495890873103206342e-01 -1.150142191253636925e+00
2.902336777833373072e-01 2.429718463610936463e-01 9.074023356276418317e-01
2.843437873268350735e-01 2.612914166559890394e-01 8.578052562983345952e-01
2.862325671550359774e-01 2.985452681678102960e-01 8.673175475663559286e-01
2.912154238263151562e-01 2.458754822387661243e-01 8.610176346827251859e-01
2.851052130553563546e-01 2.618090016160819489e-01 8.487376652333066263e-01
3.007586514876532391e-01 2.977717348728116109e-01 9.154925158835290899e-01
-5.236051236228939088e-01 4.169554221434189356e-02 -1.291063298365391798e+00
-3.429813328104678455e-02 2.451783516012481789e-02 -1.354286296886612617e-01
4.572810061465361620e-01 2.581417574998942088e-01 1.329222624028720157e+00
-4.840065888185703935e-01 4.748541584153427586e-02 -1.155013828929062791e+00
3.254145463012329542e-01 2.783235473425348383e-01 9.732048218314459653e-01
3.080830721188188015e-01 2.776457237434215020e-01 9.170024002769574523e-01
2.416400735581349657e-01 1.375602321117198323e-01 4.814905254758126696e-01
3.135856519692953315e-01 2.751169885476897337e-01 9.208772355611388738e-01
3.392275789479848869e-01 2.711108549508502996e-01 9.972107427163088289e-01
3.536836880130371230e-01 2.453370713527284475e-01 1.025062512981043339e+00
3.594812133740905580e-01 2.726322820365665867e-01 1.046175031859249982e+00
3.107102093665097264e-01 2.676844436594836840e-01 8.986171877131619024e-01
2.885393798570217161e-01 3.775107733218563411e-01 7.508025797388111489e-01
3.004617297931921338e-01 2.882991087990954826e-01 7.947385308723737829e-01
2.686181919515976402e-01 2.280865056875042152e-01 7.618041476787072996e-01
2.467704072046751074e-01 3.687431002641895494e-01 6.802629426476349828e-01
3.347207265369757656e-01 2.984826852388418605e-01 9.582064179437301821e-01
2.487171101853606903e-01 3.666463103092386655e-01 6.861566425647821488e-01
2.926547586726025996e-01 3.796514561285426193e-01 7.031504847709484363e-01
2.929354902238448521e-01 3.779346249270038038e-01 7.049013254681774088e-01
2.572992598336277803e-01 3.640209379451290750e-01 7.053878209253193754e-01
2.674408648223121632e-01 3.467164970384690736e-01 7.429606167176920906e-01
2.933836455532728982e-01 3.539029659219706248e-01 7.733864566368622295e-01
3.481075387367249530e-01 2.816579197687961722e-01 9.895587086405590593e-01
2.305685268783365105e-01 2.944108844644623968e-01 6.456329419559369009e-01
5.013431813828900241e-01 2.275699710410993559e-01 1.387188877221215089e+00
3.252601284430342576e-01 2.759358900369622281e-01 9.195567107000127693e-01
3.280542193435156406e-01 2.757163020280993804e-01 9.239272898646019305e-01
3.439605545356588245e-01 2.638908266467368535e-01 9.585080269472999737e-01
3.604255545275174000e-01 2.345793996120123515e-01 1.020253761257858161e+00
2.619266551598260495e-01 3.004357604372384083e-01 7.047968255577437002e-01
3.016994614554581733e-01 2.711371126399845233e-01 8.271430912158157511e-01
4.001301749464361568e-01 2.203209494703360360e-01 1.091850340367869432e+00
3.358060210925743472e-01 2.923957217153640431e-01 9.292324360334918154e-01
2.902792422274232953e-01 3.104813999982432571e-01 7.962895920396104721e-01
3.031633249203214975e-01 3.283310782590420085e-01 7.739976376597762497e-01
-3.321564667748891364e-01 -2.594894238353652183e-01 -5.812015002174980571e-01
3.403426650286095478e-01 2.945291729484394438e-01 9.239055197421297549e-01
3.107666234100642799e-01 2.469453776337909856e-01 8.107024272561178524e-01
4.384474666824643707e-01 2.527062989254384440e-01 1.178090411463605935e+00
2.783705710927819044e-01 2.444913014887458436e-01 6.832168671077919475e-01
3.400579527934146640e-01 2.951962302948772376e-01 9.179432643281666415e-01
5.947842588261082614e-02 8.127346686298966838e-02 1.097074338174467839e-01
6.147528535004129907e-02 1.168073719944013461e-01 1.414814768938019718e-01
2.813450198981269357e-01 4.566986374017542039e-01 5.732823468344566686e-01
1.288123114798461477e-01 6.565878388472129457e-02 2.446383142834123725e-01
1.296850960872608927e-01 3.767259743419432844e-02 2.390913430389613736e-01
3.352141729669801395e-01 2.956840818085660905e-01 8.997726283293080440e-01
2.926005071486967868e-01 4.808088526922524308e-01 6.120590920657561496e-01
3.208120162054211577e-01 2.485365214301399339e-01 8.532787935423056247e-01
2.639581175293004289e-01 2.853171542722667264e-01 6.789692173662745800e-01
3.433347808591937222e-01 2.702141782843908158e-01 9.185660926595312636e-01
3.477612339880726267e-01 2.561094924017050523e-01 9.289449916723592215e-01
2.782991432031157175e-01 2.938934675255683859e-01 7.095359216736147889e-01
-1.428776676868694362e-01 -1.073159841830673839e-01 -1.757503994793440105e-01
2.777924849919190531e-01 3.970959638255850410e-01 6.941862706978025876e-01
2.693434615413747291e-01 3.491276181022883174e-01 7.114213293113565983e-01
2.231336547159760708e-01 2.727542565067362368e-01 5.021055425128149174e-01
3.474821822015338735e-01 2.540180212935895798e-01 9.154568622302620140e-01
2.736410474627459233e-01 3.287264130165626907e-01 6.286279463199482276e-01
2.237760899537006021e-01 2.711022975436858107e-01 5.034360782484468277e-01
2.523900225366781380e-01 2.507505931292083878e-01 5.638170924741566781e-01
3.623824266699544605e-01 2.474529252503775978e-01 9.559007243574723089e-01
-3.467936785890014528e-01 -3.402171375429022260e-01 -6.429374283979851779e-01
3.432944424414340334e-01 2.734725064859492294e-01 8.964155105604236784e-01
-2.939619845074769033e-01 -2.975743090293783699e-01 -5.422736024605168126e-01
-1.832437078825054078e-01 -2.107811968446269280e-01 -3.322639239175994019e-01
-2.890833809260661136e-01 -2.907164342714028127e-01 -5.303757492989170652e-01
-2.597409917409819746e-01 -2.684232238008386617e-01 -4.729807010025379177e-01
2.969036180858166118e-01 2.641833664492932998e-01 7.058076027862216772e-01
2.729620542279432849e-01 2.578209443998006334e-01 6.970838721021109796e-01
2.887772406751558107e-01 4.486793965268724427e-01 5.732715668220103034e-01
7.819224170591161649e-02 1.181761645754829809e-01 1.511441047167068619e-01
5.696178269794015259e-02 7.545057528189984264e-02 9.994502731474731727e-02
2.890322522994197563e-01 4.491934327846710540e-01 5.718801688939169070e-01
2.890322522994197563e-01 4.491934327846710540e-01 5.718801688939169070e-01
2.699058317780358984e-01 2.569459043458318659e-01 6.841032774594681953e-01
2.772076328749831231e-01 3.024924670346416100e-01 6.330237797218731810e-01
9.562820735394655935e-02 8.658309068195044200e-02 1.736713116932072920e-01
2.800954451246135957e-01 2.952928564309247883e-01 6.398900042943006516e-01
-1.691522230029056661e-01 -1.407795941499999648e-01 -2.577748038509588002e-01
-1.091859172920010557e-01 -7.768337694896476631e-02 -9.828495707206387488e-02
2.690990644829854284e-01 3.263173086222460051e-01 5.916956012140580645e-01
2.840555528118347550e-01 2.837423178574877136e-01 6.959127224856190841e-01
2.753265523681078242e-01 3.320240253223166182e-01 6.130878605203858855e-01
2.915342918859353261e-01 1.747350043227277328e-01 5.114490474468166292e-01
2.588981552133024500e-01 1.943708197900697876e-01 4.521474758326528565e-01
2.738110448394366347e-01 2.713263478984653809e-01 6.462449970079156003e-01
3.266735393966183065e-01 3.010729217843533534e-01 7.572736006750749871e-01
3.381667536004925312e-01 2.845763316467135873e-01 8.329822547893391826e-01
1.285020851481210591e-01 6.024529583159306256e-02 2.195835446354969522e-01
4.149163248637235957e-02 6.136768081295154720e-02 7.522946464403872102e-02
-2.125596155527590680e-01 -1.903743035782657356e-01 -3.422792861552646504e-01
2.183563518057290431e-01 2.632502613675456460e-01 4.625384271132232383e-01
2.898935880542304333e-01 3.153122664261756580e-01 6.108314433144476086e-01
2.991016619710474278e-01 3.366304988027163936e-01 6.428106194541187701e-01
2.886475998715631319e-01 2.582337549876271288e-01 6.699054823385410806e-01
3.749609083864548498e-01 2.655727291198816120e-01 8.839045721529259492e-01
2.338548032967839863e-01 8.169340319838222508e-02 3.633370873154790903e-01
2.247220174582422181e-01 2.513302101191913218e-01 4.481841959093921246e-01
2.997267348931451636e-01 1.724682257682314812e-01 4.803371870753565531e-01
2.909520903464721253e-01 2.570509866251073361e-01 6.471978746496735990e-01
3.434494134361656958e-01 2.897853685958682868e-01 7.382600877150271579e-01
1.346960963481665663e-01 4.573062065398465076e-02 2.264030247291266007e-01
3.491084227466521583e-01 2.765634908937754655e-01 7.798463133348989551e-01
2.145613228877086553e-01 2.215664795906121254e-01 4.662879326397475488e-01
2.614501694264130816e-01 2.894495613090747876e-01 5.899933932587253516e-01
-2.776480521049488059e-01 -1.914088843445650168e-01 -4.045708199124927185e-01
-1.375172406374861045e-01 -1.122944234889034637e-01 -1.616424868472998988e-01
3.013853940347498428e-01 3.063313140008899760e-01 6.804511813725190317e-01
2.741816807621221264e-01 2.877704090401784764e-01 5.985092529651799831e-01
3.534447692135305741e-01 2.811036726524562268e-01 7.943979362088373630e-01
2.120430744528338241e-01 2.251186009428857993e-01 4.416845497171244528e-01
3.208165212441178582e-01 3.972780694621038666e-01 5.926319705482908651e-01
3.208165212441178582e-01 3.972780694621038666e-01 5.926319705482908651e-01
3.181295473790800021e-01 3.500886127753794486e-01 5.404761670691895503e-01
8.271086144111966520e-02 5.194075921397995482e-02 1.193683281021488546e-01
3.415833687571380728e-01 4.234749426380370330e-01 6.086737400334192305e-01
-2.628086699633988554e-01 -2.495556169392379176e-01 -3.221724039582489207e-01
2.422550966815218698e-01 4.277343619565554533e-01 4.427331701786258455e-01
2.474358048866273085e-01 4.250065165156417524e-01 4.305219585596378740e-01
3.613955970166591869e-01 3.543866250935454043e-01 5.610583053890176863e-01
1.703190658970128724e-01 3.262672133936789232e-01 3.159124563857659274e-01
1.601943276145461059e-01 2.024937844996405334e-01 2.552613592519141772e-01
